label: 0.13333333332, vector: [0, 0, 0, 0, 0, 0, 10, 584, 1202, 51, 4.806156405990016, 15, 42.92857142857143, 0, 0.4858569051580699, 0.008319467554076539, 0, 6, 0, 0.35218876600265503, 0.9215425882784358, 0.9433657322078943, 79, 32, 162, 3, 4, 6, 177, 0, 54, 35, 1, 65, 1, 79, 17, 11, 138, 6, 2, 0, 23, 2, 19, 9, 10, 10, 2, 0, 56, 11, 2, 0, 40, 16, 0, 3, 0, 61, 1]
label: 1.0, vector: [0, 0, 0, 0, 0, 0, 2, 134, 375, 54, 5.208, 16, 18.75, 0, 0.35733333333333334, 0.005333333333333333, 0, 2, 1, 0.42702317237854004, 1.0138639643169767, 0.9950899102026597, 109, 59, 47, 4, 17, 0, 46, 0, 6, 10, 2, 20, 5, 108, 0, 1, 32, 14, 7, 0, 4, 0, 2, 3, 1, 2, 4, 0, 5, 38, 1, 1, 8, 2, 0, 1, 0, 12, 0]
label: 0.46666666664, vector: [0, 0, 1, 1, 0, 0, 12, 431, 1021, 58, 4.43486777668952, 14, 48.61904761904762, 0, 0.42213516160626835, 0.011753183153770812, 0, 5, 1, 0.41776877641677856, 1.1434324940081988, 0.9948518247581974, 136, 56, 113, 3, 15, 6, 138, 0, 63, 25, 1, 40, 8, 136, 9, 9, 114, 11, 5, 0, 12, 6, 3, 24, 4, 12, 20, 0, 40, 17, 9, 1, 14, 5, 0, 4, 0, 48, 0]
label: 0.93333333332, vector: [0, 1, 0, 0, 4, 0, 2, 40, 101, 40, 4.663366336633663, 14, 8.416666666666666, 0, 0.39603960396039606, 0.019801980198019802, 0, 1, 0, 0.5303207039833069, 0.9675672358644078, 0.8778950093934933, 12, 6, 9, 2, 2, 0, 16, 0, 5, 10, 0, 2, 0, 11, 2, 1, 12, 0, 1, 0, 1, 1, 0, 0, 2, 1, 1, 0, 8, 5, 0, 0, 0, 0, 0, 0, 0, 6, 0]
label: 0.0, vector: [0, 0, 0, 0, 0, 0, 1, 173, 483, 52, 4.987577639751553, 16, 21.954545454545453, 0, 0.3581780538302277, 0.002070393374741201, 0, 1, 0, 0.3221338391304016, 0.9360587662790213, 0.8921977833590724, 84, 37, 51, 6, 11, 0, 71, 0, 9, 18, 4, 20, 5, 84, 0, 1, 52, 4, 3, 0, 3, 1, 7, 7, 3, 11, 10, 0, 12, 17, 6, 0, 14, 4, 0, 1, 3, 19, 1]
label: 0.06666666666, vector: [0, 0, 0, 0, 0, 0, 0, 68, 190, 45, 5.2, 13, 13.571428571428571, 0, 0.35789473684210527, 0.0, 0, 2, 0, 0.7214265763759613, 0.9379073941444451, 0.8635304658673704, 39, 16, 21, 1, 6, 0, 29, 0, 2, 2, 1, 7, 2, 39, 0, 0, 20, 2, 2, 0, 1, 0, 4, 5, 0, 3, 4, 0, 0, 10, 0, 0, 8, 3, 0, 2, 0, 8, 0]
label: 0.33333333332, vector: [0, 0, 0, 1, 1, 0, 1, 494, 1264, 60, 4.947784810126582, 15, 36.114285714285714, 0, 0.39082278481012656, 0.0007911392405063291, 0, 2, 1, 0.5777198970317841, 1.0025134823861621, 0.9786866976862907, 109, 41, 195, 9, 18, 3, 189, 0, 52, 28, 4, 60, 4, 109, 18, 2, 114, 5, 9, 0, 25, 4, 26, 13, 4, 24, 10, 0, 44, 8, 2, 1, 34, 20, 0, 3, 3, 49, 1]
label: 0.06666666666, vector: [0, 0, 0, 1, 2, 0, 4, 87, 223, 42, 4.484304932735426, 16, 13.9375, 0, 0.3901345291479821, 0.017937219730941704, 0, 1, 0, 0.7330026626586914, 1.029087490204412, 0.9302510099951178, 30, 14, 23, 0, 5, 1, 38, 0, 11, 13, 0, 15, 4, 29, 3, 1, 24, 0, 3, 0, 1, 0, 1, 0, 1, 4, 0, 0, 10, 7, 3, 0, 2, 0, 0, 2, 1, 13, 0]
label: 0.3333333333, vector: [0, 0, 0, 0, 0, 0, 11, 337, 815, 58, 4.660122699386503, 17, 47.94117647058823, 0, 0.4134969325153374, 0.013496932515337423, 0, 4, 0, 0.9549025148153305, 1.0100055864729462, 0.9321413590189289, 79, 31, 103, 5, 15, 2, 110, 0, 24, 20, 4, 36, 6, 79, 2, 0, 77, 8, 8, 0, 11, 2, 12, 1, 2, 8, 9, 0, 45, 7, 6, 0, 18, 6, 0, 0, 0, 33, 0]
label: 0.13333333332, vector: [0, 0, 0, 0, 0, 0, 0, 94, 230, 45, 5.173913043478261, 12, 28.75, 0, 0.40869565217391307, 0.0, 0, 1, 1, 0.24445992708206177, 1.1489147289542208, 1.0954808206297457, 38, 12, 30, 1, 7, 0, 26, 0, 5, 6, 0, 7, 2, 38, 1, 2, 26, 4, 1, 0, 3, 3, 2, 5, 1, 4, 3, 0, 2, 3, 2, 1, 13, 7, 0, 3, 1, 5, 0]
label: 0.73333333332, vector: [0, 0, 1, 0, 0, 0, 1, 142, 530, 61, 4.649056603773585, 15, 9.464285714285714, 0, 0.2679245283018868, 0.0018867924528301887, 0, 2, 1, 0.7510613799095154, 1.0314730876691334, 0.9600537120298084, 111, 56, 54, 3, 12, 1, 62, 0, 8, 11, 3, 17, 4, 111, 1, 1, 44, 6, 6, 0, 6, 2, 8, 6, 3, 9, 6, 0, 15, 24, 3, 1, 11, 6, 0, 3, 2, 15, 0]
label: 0.59999999996, vector: [0, 0, 1, 4, 0, 0, 46, 1712, 3879, 62, 4.434390306780098, 14, 22.552325581395348, 0, 0.44135086362464554, 0.011858726475895849, 0, 12, 4, 0.5848913192749023, 1.1271877240366897, 1.0904322625137866, 509, 268, 447, 33, 40, 22, 555, 0, 171, 93, 7, 168, 20, 509, 16, 27, 412, 38, 19, 0, 52, 8, 21, 25, 8, 51, 55, 0, 130, 162, 9, 4, 37, 17, 0, 8, 2, 141, 1]
label: 0.26666666666, vector: [0, 0, 0, 0, 0, 0, 9, 283, 743, 52, 4.586810228802153, 15, 24.766666666666666, 0, 0.38088829071332436, 0.012113055181695828, 0, 2, 0, 0.6524006426334381, 0.9965531101051488, 0.8913083136236916, 111, 49, 77, 2, 21, 0, 88, 0, 62, 17, 2, 32, 10, 111, 9, 2, 54, 6, 10, 0, 1, 4, 7, 15, 2, 8, 7, 0, 33, 24, 0, 0, 5, 1, 0, 5, 0, 24, 1]
label: 0.0, vector: [0, 0, 0, 0, 0, 0, 3, 181, 441, 50, 5.122448979591836, 12, 40.09090909090909, 0, 0.41043083900226757, 0.006802721088435374, 0, 1, 0, 0.5104649364948273, 0.9998717562806563, 0.9365891606800936, 65, 17, 59, 0, 14, 1, 58, 0, 8, 9, 0, 14, 4, 64, 5, 1, 41, 9, 4, 0, 2, 2, 6, 10, 3, 6, 6, 0, 20, 7, 1, 0, 27, 10, 0, 3, 3, 20, 1]
label: 0.06666666666, vector: [0, 0, 0, 4, 0, 0, 0, 76, 181, 48, 4.320441988950276, 12, 18.1, 0, 0.4198895027624309, 0.0, 0, 1, 0, 0.681769609451294, 0.9685434752165788, 0.9085070844739676, 20, 5, 23, 1, 3, 1, 24, 0, 7, 10, 0, 5, 1, 20, 1, 1, 22, 1, 1, 0, 1, 2, 0, 0, 1, 3, 0, 0, 14, 1, 1, 0, 7, 1, 0, 0, 0, 9, 1]
label: 0.53333333332, vector: [0, 0, 1, 4, 0, 0, 21, 633, 1711, 62, 4.324956165984804, 16, 38.88636363636363, 0, 0.3699590882524839, 0.012273524254821741, 0, 9, 2, 0.5412582159042358, 1.032497071445456, 0.9534213517326862, 218, 106, 175, 5, 14, 15, 250, 0, 85, 31, 1, 63, 8, 218, 3, 7, 172, 9, 2, 0, 17, 2, 12, 13, 7, 29, 16, 0, 56, 70, 3, 2, 16, 7, 0, 5, 3, 69, 1]
label: 0.33333333332, vector: [0, 0, 0, 2, 0, 0, 0, 318, 676, 49, 4.616863905325443, 13, 56.333333333333336, 0, 0.47041420118343197, 0.0, 0, 3, 0, 0.5402289628982544, 0.9056432297732028, 0.8553185282895962, 57, 16, 82, 5, 10, 3, 99, 0, 38, 15, 1, 30, 5, 57, 7, 5, 72, 7, 5, 0, 8, 0, 1, 7, 4, 7, 7, 0, 42, 3, 2, 0, 29, 14, 0, 7, 0, 31, 0]
label: 0.13333333332, vector: [0, 0, 0, 0, 0, 0, 2, 260, 703, 54, 5.028449502133713, 15, 33.476190476190474, 0, 0.36984352773826457, 0.002844950213371266, 0, 3, 0, 0.6270716190338135, 0.895626600481015, 0.8758834994265011, 80, 33, 83, 2, 8, 4, 86, 0, 13, 7, 2, 27, 2, 80, 3, 5, 76, 8, 3, 0, 4, 4, 15, 11, 6, 11, 5, 0, 21, 11, 3, 0, 20, 7, 0, 1, 1, 30, 0]
label: 0.5333333333, vector: [0, 0, 1, 2, 0, 0, 18, 625, 1438, 58, 4.408901251738525, 16, 39.94444444444444, 0, 0.43463143254520165, 0.012517385257301807, 0, 2, 3, 0.5484867095947266, 0.9856338658600976, 1.0057664174398977, 127, 44, 196, 4, 25, 17, 193, 0, 112, 29, 3, 65, 13, 127, 14, 5, 146, 11, 15, 0, 12, 5, 8, 4, 8, 19, 11, 0, 72, 11, 6, 3, 31, 14, 0, 5, 2, 81, 1]
label: 0.13333333332, vector: [0, 0, 0, 1, 0, 0, 1, 424, 979, 56, 4.982635342185904, 14, 40.791666666666664, 0, 0.4330949948927477, 0.0010214504596527069, 0, 1, 1, 0.752116784453392, 1.0866103066328696, 1.0342494934933104, 85, 21, 145, 2, 14, 3, 149, 0, 35, 9, 0, 51, 4, 85, 1, 10, 104, 10, 4, 0, 11, 4, 7, 14, 4, 20, 10, 0, 28, 3, 3, 1, 36, 12, 0, 5, 2, 53, 1]
label: 0.33333333332, vector: [0, 0, 0, 1, 0, 0, 11, 452, 1192, 58, 4.867449664429531, 14, 39.733333333333334, 0, 0.37919463087248323, 0.009228187919463088, 0, 5, 1, 0.7315803468227386, 0.9631272774797193, 0.9478970679764946, 144, 72, 140, 5, 12, 4, 195, 0, 36, 28, 4, 55, 3, 144, 9, 4, 119, 5, 10, 0, 25, 3, 13, 19, 9, 28, 8, 0, 42, 21, 11, 1, 18, 4, 0, 6, 1, 64, 1]
label: 0.59999999996, vector: [0, 0, 1, 2, 0, 0, 7, 187, 438, 54, 4.447488584474886, 12, 39.81818181818182, 0, 0.4269406392694064, 0.01598173515981735, 0, 3, 1, 0.5349724590778351, 1.1268783695549283, 1.056267427068881, 51, 17, 50, 7, 7, 3, 53, 0, 15, 10, 3, 21, 2, 51, 2, 0, 53, 2, 3, 0, 3, 3, 4, 4, 1, 10, 5, 0, 24, 6, 0, 1, 9, 3, 0, 2, 0, 16, 0]
label: 0.33333333332, vector: [0, 0, 0, 0, 0, 0, 16, 490, 1169, 51, 4.872540633019675, 15, 43.2962962962963, 0, 0.41916167664670656, 0.013686911890504704, 0, 2, 2, 0.7181272208690643, 1.0582683768796632, 0.9807339539046451, 77, 25, 155, 8, 15, 6, 188, 0, 64, 36, 3, 57, 3, 77, 10, 6, 103, 9, 4, 0, 20, 1, 21, 6, 5, 22, 9, 0, 49, 5, 2, 2, 22, 9, 0, 8, 1, 51, 0]
label: 0.26666666666, vector: [0, 0, 0, 1, 0, 0, 0, 12, 37, 33, 4.027027027027027, 8, 6.166666666666667, 0, 0.32432432432432434, 0.0, 0, 1, 0, 0.6577820479869843, 0.9478356760304641, 0.8684598375111818, 8, 3, 5, 0, 2, 0, 1, 0, 2, 0, 0, 1, 0, 7, 1, 1, 0, 1, 1, 0, 0, 0, 0, 0, 0, 0, 0, 0, 1, 0, 0, 0, 1, 1, 0, 1, 0, 0, 0]
label: 0.06666666666, vector: [0, 0, 0, 0, 0, 0, 7, 381, 912, 54, 4.7785087719298245, 14, 41.45454545454545, 0, 0.41776315789473684, 0.007675438596491228, 0, 2, 0, 0.9653140306472778, 1.0648005750495213, 0.9985982249887787, 116, 33, 111, 7, 21, 5, 128, 0, 29, 20, 0, 37, 6, 116, 6, 6, 105, 11, 5, 0, 7, 6, 6, 7, 5, 14, 9, 0, 31, 15, 1, 0, 26, 7, 0, 1, 1, 51, 1]
label: 0.79999999998, vector: [0, 0, 1, 0, 2, 0, 0, 13, 35, 33, 4.171428571428572, 8, 5.0, 0, 0.37142857142857144, 0.0, 0, 1, 0, 0.9990066633326933, 1.1032646661624312, 1.1377438607492618, 7, 2, 2, 0, 0, 0, 1, 0, 3, 0, 0, 0, 0, 6, 1, 0, 1, 1, 0, 0, 0, 0, 0, 0, 0, 0, 0, 0, 2, 0, 0, 0, 0, 0, 0, 0, 0, 0, 0]
label: 0.39999999997999997, vector: [0, 0, 0, 0, 0, 1, 15, 639, 1621, 60, 4.925354719309069, 15, 37.69767441860465, 0, 0.3942011104256632, 0.009253547193090685, 0, 8, 2, 0.9074181616306305, 0.9296389704101651, 0.9098860594162415, 126, 41, 223, 6, 15, 4, 250, 0, 41, 31, 1, 70, 1, 125, 12, 6, 141, 17, 7, 0, 41, 1, 20, 13, 10, 31, 10, 0, 67, 20, 3, 2, 54, 13, 0, 4, 2, 52, 1]
label: 0.13333333332, vector: [0, 0, 0, 0, 0, 0, 1, 40, 129, 44, 4.837209302325581, 11, 25.8, 0, 0.31007751937984496, 0.007751937984496124, 0, 1, 0, 0.6219046115875244, 1.0830583045026287, 1.0437197253108024, 26, 10, 16, 3, 4, 0, 16, 0, 1, 5, 2, 6, 3, 26, 0, 0, 17, 1, 2, 0, 0, 1, 2, 3, 0, 1, 2, 0, 3, 5, 0, 0, 3, 2, 0, 1, 0, 4, 0]
label: 0.26666666666, vector: [0, 0, 0, 0, 0, 0, 0, 179, 435, 54, 4.758620689655173, 14, 33.46153846153846, 0, 0.4114942528735632, 0.0, 0, 2, 1, 0.4365149736404419, 1.047855229482643, 0.9902007119873395, 53, 17, 51, 0, 12, 0, 61, 0, 9, 8, 0, 14, 4, 52, 2, 2, 54, 5, 5, 0, 4, 1, 2, 6, 4, 4, 6, 0, 8, 4, 2, 1, 17, 8, 0, 0, 0, 25, 0]
label: 0.46666666661999995, vector: [1, 0, 0, 4, 0, 0, 13, 769, 1901, 59, 4.7238295633876906, 14, 44.2093023255814, 1, 0.40452393477117304, 0.006838506049447659, 0, 6, 2, 0.5108102262020111, 1.04321174359203, 1.0148515746316895, 173, 69, 223, 8, 24, 7, 302, 0, 41, 53, 1, 74, 5, 173, 1, 10, 195, 8, 15, 0, 23, 13, 22, 11, 18, 54, 12, 0, 87, 22, 14, 2, 27, 16, 0, 4, 9, 76, 1]
label: 0.13333333332, vector: [0, 0, 0, 2, 0, 0, 4, 314, 758, 56, 4.795514511873351, 14, 32.95652173913044, 0, 0.41424802110817943, 0.005277044854881266, 0, 4, 0, 0.8758934214711189, 1.1058033571149537, 1.0110267017684553, 105, 41, 112, 7, 27, 1, 105, 0, 25, 22, 4, 36, 8, 105, 3, 5, 78, 9, 11, 0, 6, 3, 9, 5, 0, 10, 5, 0, 30, 12, 1, 0, 18, 10, 0, 4, 0, 39, 0]
label: 0.2, vector: [0, 0, 0, 0, 0, 0, 3, 181, 461, 55, 4.891540130151844, 15, 38.416666666666664, 0, 0.3926247288503254, 0.006507592190889371, 0, 2, 0, 0.5094487071037292, 1.1135138910724136, 0.999244693928631, 67, 32, 55, 2, 9, 2, 61, 0, 11, 5, 0, 16, 1, 67, 2, 1, 40, 6, 4, 0, 6, 1, 3, 5, 5, 7, 5, 0, 18, 16, 4, 0, 7, 3, 0, 1, 1, 20, 1]
label: 0.3333333333, vector: [0, 0, 1, 0, 0, 0, 0, 113, 353, 52, 5.045325779036827, 14, 353.0, 0, 0.32011331444759206, 0.0, 0, 1, 1, 0.5944169461727142, 0.9680194030786277, 0.8864737823605537, 96, 57, 36, 1, 8, 1, 37, 0, 10, 10, 0, 13, 2, 95, 2, 2, 32, 6, 6, 0, 1, 4, 5, 12, 2, 8, 3, 0, 17, 30, 2, 1, 3, 0, 0, 1, 1, 12, 1]
label: 0.13333333332, vector: [0, 0, 0, 0, 1, 0, 5, 103, 254, 43, 4.165354330708661, 12, 50.8, 0, 0.40551181102362205, 0.01968503937007874, 0, 1, 0, 0.5877586305141449, 1.0695347433302949, 0.9821711432188749, 22, 7, 28, 0, 5, 2, 48, 0, 23, 2, 0, 9, 1, 22, 12, 4, 21, 1, 1, 0, 5, 0, 1, 3, 1, 9, 4, 0, 10, 3, 0, 0, 3, 2, 0, 1, 0, 15, 0]
label: 0.86666666664, vector: [0, 0, 0, 0, 0, 0, 1, 316, 663, 49, 4.461538461538462, 13, 55.25, 0, 0.4766214177978884, 0.0015082956259426848, 0, 4, 1, 0.5806480348110199, 1.0947072627624137, 1.0779809765517712, 21, 7, 94, 0, 3, 3, 103, 0, 23, 22, 0, 27, 0, 21, 7, 9, 76, 3, 2, 0, 12, 0, 12, 1, 4, 6, 3, 0, 29, 2, 0, 1, 18, 5, 0, 1, 0, 47, 1]
label: 0.39999999997999997, vector: [0, 0, 0, 0, 1, 0, 0, 115, 286, 54, 4.825174825174825, 14, 11.44, 0, 0.4020979020979021, 0.0, 0, 1, 0, 0.5290476679801941, 1.1171871939226952, 1.1098617257922887, 28, 15, 25, 0, 3, 4, 58, 0, 8, 4, 0, 12, 2, 28, 0, 3, 34, 1, 2, 0, 3, 1, 1, 1, 0, 9, 4, 0, 6, 8, 1, 0, 9, 2, 0, 0, 1, 19, 0]
label: 0.73333333332, vector: [0, 0, 0, 0, 0, 0, 2, 104, 337, 44, 5.044510385756676, 13, 30.636363636363637, 0, 0.3086053412462908, 0.005934718100890208, 0, 1, 0, 0.41240084171295166, 1.0982966988080787, 1.000306073576212, 61, 31, 33, 4, 6, 2, 51, 0, 7, 9, 4, 14, 2, 61, 1, 0, 22, 1, 4, 0, 4, 4, 6, 3, 2, 9, 3, 0, 8, 11, 5, 0, 6, 2, 0, 4, 0, 11, 0]
label: 0.19999999997999998, vector: [0, 0, 0, 0, 0, 0, 0, 233, 621, 61, 5.085346215780999, 14, 25.875, 0, 0.3752012882447665, 0.0, 0, 6, 1, 0.40693628787994385, 1.063289284202552, 1.0049893428222276, 81, 49, 73, 1, 10, 3, 116, 0, 8, 11, 1, 25, 0, 80, 2, 0, 78, 5, 8, 0, 2, 6, 3, 5, 2, 26, 9, 0, 18, 29, 3, 1, 14, 10, 0, 0, 1, 41, 0]
label: 0.7333333333, vector: [0, 0, 0, 0, 0, 0, 0, 291, 716, 56, 4.825418994413408, 13, 17.9, 0, 0.4064245810055866, 0.0, 0, 1, 0, 0.5904588401317596, 1.1381826478425017, 1.0590138962928903, 77, 33, 84, 1, 9, 8, 122, 0, 20, 9, 0, 33, 5, 77, 2, 8, 73, 3, 5, 0, 5, 2, 2, 8, 3, 22, 8, 0, 26, 11, 4, 0, 35, 18, 0, 0, 3, 41, 1]
label: 0.46666666664, vector: [0, 0, 0, 1, 0, 0, 4, 51, 154, 43, 4.896103896103896, 15, 22.0, 0, 0.33116883116883117, 0.025974025974025976, 0, 1, 0, 0.5450868010520935, 1.0301247096243284, 0.9975586939336998, 29, 14, 14, 1, 3, 1, 33, 0, 8, 1, 1, 9, 2, 29, 2, 2, 20, 0, 2, 0, 1, 0, 1, 4, 0, 7, 5, 0, 2, 8, 3, 0, 2, 2, 0, 0, 2, 10, 0]
label: 0.19999999997999998, vector: [0, 0, 1, 0, 0, 0, 0, 15, 52, 42, 4.673076923076923, 13, 13.0, 0, 0.28846153846153844, 0.0, 0, 1, 0, 0.6372101604938507, 0.9714738579156498, 0.9438930219039321, 15, 7, 5, 1, 1, 0, 4, 0, 0, 2, 1, 2, 0, 15, 0, 0, 4, 1, 0, 0, 0, 1, 0, 1, 0, 0, 1, 0, 1, 2, 0, 0, 1, 0, 0, 1, 0, 0, 1]
label: 0.26666666664, vector: [0, 0, 0, 2, 0, 0, 2, 190, 573, 57, 4.2565445026178015, 14, 21.22222222222222, 0, 0.33158813263525305, 0.0034904013961605585, 0, 1, 0, 0.47631514072418213, 1.0211308380061959, 0.8590164300468233, 132, 53, 89, 4, 34, 0, 68, 0, 12, 8, 4, 31, 12, 132, 3, 0, 47, 7, 14, 0, 4, 1, 4, 4, 1, 5, 3, 0, 20, 13, 17, 0, 19, 13, 0, 4, 1, 22, 1]
label: 0.06666666666, vector: [0, 1, 0, 0, 0, 0, 0, 163, 472, 56, 4.728813559322034, 12, 22.476190476190474, 0, 0.3453389830508475, 0.0, 0, 1, 0, 0.6989388465881348, 1.0381390169310736, 0.9737381156356562, 84, 32, 64, 3, 21, 1, 66, 0, 12, 4, 1, 10, 1, 84, 5, 0, 51, 14, 8, 0, 6, 5, 0, 3, 1, 11, 6, 0, 10, 14, 1, 0, 15, 6, 0, 0, 3, 19, 1]
label: 0.86666666666, vector: [0, 0, 1, 0, 0, 0, 0, 122, 378, 53, 5.14021164021164, 16, 21.0, 0, 0.32275132275132273, 0.0, 0, 1, 0, 0.5849454402923584, 1.093523061084316, 1.0243402188643813, 104, 62, 43, 2, 12, 0, 60, 0, 2, 5, 2, 18, 4, 103, 0, 1, 31, 6, 7, 0, 5, 1, 3, 6, 1, 11, 7, 0, 4, 38, 3, 0, 7, 3, 0, 2, 3, 11, 0]
label: 0.13333333332, vector: [0, 0, 0, 1, 0, 0, 23, 442, 1068, 54, 4.817415730337078, 14, 41.07692307692308, 0, 0.41385767790262173, 0.02153558052434457, 0, 3, 2, 0.8366860151290894, 0.9506654929392231, 0.9717946038402331, 120, 45, 133, 3, 21, 6, 160, 0, 54, 19, 1, 46, 5, 120, 12, 3, 100, 14, 6, 0, 19, 5, 13, 18, 4, 25, 14, 0, 35, 20, 3, 2, 22, 7, 0, 3, 3, 55, 1]
label: 0.66666666664, vector: [0, 0, 0, 0, 0, 0, 4, 50, 172, 48, 4.854651162790698, 16, 10.75, 0, 0.29069767441860467, 0.023255813953488372, 0, 1, 0, 0.7831927686929703, 1.0903129266607094, 1.0661366074928083, 57, 43, 16, 0, 4, 0, 19, 0, 10, 4, 0, 3, 1, 56, 3, 2, 11, 2, 2, 0, 0, 0, 1, 1, 2, 0, 4, 0, 0, 34, 2, 0, 1, 1, 0, 1, 0, 10, 0]
label: 0.26666666666, vector: [0, 0, 0, 0, 0, 0, 1, 158, 411, 51, 5.411192214111922, 14, 29.357142857142858, 0, 0.3844282238442822, 0.0024330900243309003, 0, 1, 0, 0.9474169723689556, 0.883054858962173, 0.9008821472525597, 71, 29, 51, 1, 6, 1, 52, 0, 12, 8, 0, 13, 3, 71, 1, 0, 42, 4, 2, 0, 4, 3, 7, 13, 2, 6, 8, 0, 14, 13, 1, 0, 14, 5, 0, 2, 2, 19, 1]
label: 0.3333333333, vector: [1, 0, 1, 18, 9, 0, 9, 304, 1088, 61, 4.598345588235294, 15, 17.83606557377049, 0, 0.27941176470588236, 0.008272058823529412, 0, 2, 0, 0.6824094653129578, 1.0908832676043678, 0.9516524519183536, 327, 206, 122, 11, 19, 4, 108, 0, 32, 20, 7, 47, 5, 326, 7, 12, 88, 22, 9, 0, 12, 2, 16, 5, 6, 8, 13, 0, 33, 136, 4, 0, 12, 4, 0, 8, 0, 31, 1]
label: 0.66666666664, vector: [0, 0, 0, 1, 0, 0, 2, 118, 345, 55, 4.2956521739130435, 12, 21.5625, 0, 0.34202898550724636, 0.005797101449275362, 0, 1, 0, 0.7686168700456619, 1.0240911794104803, 1.0185673189989757, 69, 43, 36, 2, 10, 3, 46, 0, 30, 9, 2, 13, 2, 68, 6, 3, 29, 5, 7, 0, 0, 0, 1, 0, 0, 5, 3, 0, 14, 25, 1, 0, 5, 1, 0, 0, 1, 19, 0]
label: 0.8, vector: [0, 0, 0, 9, 0, 0, 6, 307, 849, 60, 4.550058892815077, 13, 14.389830508474576, 0, 0.36160188457008247, 0.007067137809187279, 1, 6, 0, 0.7061261534690857, 1.061048928505205, 0.9533284840102986, 156, 59, 92, 11, 24, 9, 138, 0, 35, 19, 3, 34, 11, 156, 10, 6, 65, 11, 9, 0, 11, 4, 6, 8, 2, 21, 24, 0, 27, 25, 5, 0, 9, 1, 0, 6, 4, 29, 0]
label: 0.19999999997999998, vector: [0, 0, 0, 0, 0, 0, 0, 24, 57, 35, 4.350877192982456, 12, 28.5, 0, 0.42105263157894735, 0.0, 0, 1, 0, 0.8664519935846329, 0.8032378624275065, 0.747981533408165, 7, 3, 9, 0, 3, 0, 9, 0, 1, 1, 0, 3, 0, 7, 0, 0, 7, 0, 0, 0, 0, 0, 0, 0, 2, 2, 0, 0, 2, 2, 0, 0, 1, 1, 0, 0, 0, 2, 0]
label: 0.13333333332, vector: [0, 0, 0, 0, 0, 0, 0, 49, 135, 45, 5.066666666666666, 13, 33.75, 0, 0.362962962962963, 0.0, 0, 1, 1, 0.5995843708515167, 1.1506833138737689, 1.1066779624670744, 18, 7, 20, 0, 7, 0, 22, 0, 2, 0, 0, 5, 3, 18, 0, 1, 19, 2, 4, 0, 0, 0, 0, 2, 1, 4, 1, 0, 9, 3, 0, 1, 3, 3, 0, 1, 1, 14, 0]
label: 0.06666666666, vector: [0, 0, 0, 0, 0, 0, 1, 351, 901, 59, 5.018867924528302, 16, 36.04, 0, 0.3895671476137625, 0.0011098779134295228, 0, 2, 0, 0.7031779587268829, 1.1332362140181615, 1.0903891210258008, 117, 41, 114, 2, 25, 2, 150, 0, 21, 16, 1, 40, 11, 117, 3, 4, 78, 8, 7, 0, 15, 4, 6, 17, 5, 22, 23, 0, 26, 17, 2, 0, 30, 11, 0, 5, 1, 38, 1]
label: 0.06666666666, vector: [0, 0, 0, 2, 0, 0, 11, 433, 1089, 55, 4.353535353535354, 13, 40.333333333333336, 0, 0.39761248852157943, 0.010101010101010102, 0, 4, 0, 0.6690158843994141, 1.1154744141725745, 1.0284635374285884, 144, 65, 140, 3, 27, 9, 148, 0, 63, 12, 2, 52, 12, 144, 12, 9, 107, 13, 20, 0, 11, 3, 6, 21, 2, 7, 15, 0, 36, 15, 4, 0, 12, 6, 0, 7, 0, 54, 1]
label: 0.26666666664, vector: [0, 0, 1, 0, 0, 0, 0, 220, 515, 50, 4.7436893203883495, 14, 25.75, 0, 0.42718446601941745, 0.0, 0, 1, 2, 0.7931807190179825, 1.0197522411719688, 1.0062718921544729, 72, 15, 77, 1, 16, 2, 91, 0, 8, 5, 0, 33, 8, 72, 1, 0, 63, 7, 4, 0, 5, 2, 4, 15, 3, 16, 13, 0, 16, 4, 3, 2, 30, 15, 0, 5, 2, 24, 1]
label: 0.13333333332, vector: [0, 0, 0, 0, 0, 0, 18, 207, 485, 44, 4.348453608247422, 13, 37.30769230769231, 0, 0.4268041237113402, 0.03711340206185567, 0, 2, 0, 0.7614698708057404, 1.036324150723743, 0.8956902697682381, 73, 29, 59, 8, 18, 2, 45, 0, 39, 15, 4, 17, 3, 73, 13, 6, 39, 6, 12, 0, 4, 0, 2, 8, 1, 1, 5, 0, 14, 8, 1, 0, 12, 5, 0, 2, 0, 16, 0]
label: 0.2, vector: [0, 0, 0, 0, 0, 0, 0, 116, 310, 49, 5.064516129032258, 14, 38.75, 0, 0.3741935483870968, 0.0, 0, 1, 0, 0.6342591047286987, 0.8698420823348927, 0.8771667284891009, 31, 9, 44, 2, 8, 1, 64, 0, 1, 6, 1, 18, 3, 31, 0, 2, 33, 6, 4, 0, 9, 2, 5, 3, 1, 9, 6, 0, 11, 2, 0, 0, 7, 3, 0, 1, 0, 17, 1]
label: 0.06666666666, vector: [0, 0, 0, 0, 1, 0, 3, 66, 194, 48, 4.809278350515464, 11, 27.714285714285715, 0, 0.3402061855670103, 0.015463917525773196, 0, 1, 0, 0.8513722568750381, 1.0213842577344172, 0.9866538853384554, 24, 8, 26, 2, 4, 0, 32, 0, 10, 2, 1, 8, 1, 24, 2, 0, 15, 4, 1, 0, 4, 1, 2, 2, 0, 3, 4, 0, 7, 3, 0, 0, 5, 1, 0, 2, 0, 7, 0]
label: 0.06666666666, vector: [0, 0, 0, 0, 0, 0, 0, 132, 324, 45, 4.922839506172839, 14, 23.142857142857142, 0, 0.4074074074074074, 0.0, 0, 1, 0, 0.665552020072937, 0.9101461612721503, 0.8627809030669076, 15, 3, 55, 1, 4, 0, 67, 0, 2, 10, 0, 26, 2, 15, 1, 0, 42, 1, 1, 0, 7, 1, 5, 2, 0, 9, 0, 0, 12, 1, 0, 0, 12, 5, 0, 0, 1, 25, 0]
label: 0.26666666664, vector: [0, 0, 0, 0, 0, 0, 3, 200, 441, 51, 4.365079365079365, 13, 29.4, 0, 0.45351473922902497, 0.006802721088435374, 0, 4, 0, 0.6788923144340515, 1.0621180567780675, 0.9415026914638778, 43, 14, 42, 3, 10, 6, 63, 0, 35, 15, 1, 13, 4, 43, 6, 3, 32, 4, 3, 0, 7, 0, 0, 3, 1, 11, 3, 0, 18, 4, 0, 0, 7, 4, 0, 3, 1, 13, 1]
label: 0.06666666666, vector: [0, 0, 0, 0, 0, 0, 2, 105, 269, 53, 4.5353159851301115, 13, 38.42857142857143, 0, 0.3903345724907063, 0.007434944237918215, 0, 3, 0, 0.4311262369155884, 1.0775279672035245, 0.9543956587357181, 51, 22, 40, 1, 11, 2, 29, 0, 9, 4, 0, 12, 4, 50, 1, 2, 20, 5, 6, 0, 2, 0, 2, 2, 1, 2, 2, 0, 13, 10, 3, 0, 3, 0, 0, 2, 1, 7, 0]
label: 0.46666666664, vector: [0, 0, 0, 0, 0, 0, 2, 122, 287, 44, 4.700348432055749, 14, 41.0, 0, 0.4250871080139373, 0.006968641114982578, 0, 2, 0, 0.784191370010376, 1.0425189056782385, 0.9127901324204036, 23, 6, 36, 2, 4, 1, 44, 0, 17, 9, 0, 13, 1, 23, 1, 0, 23, 3, 1, 0, 3, 1, 2, 2, 2, 5, 5, 0, 6, 1, 1, 0, 8, 3, 0, 2, 0, 13, 0]
label: 0.19999999997999998, vector: [0, 0, 0, 0, 1, 0, 0, 39, 101, 39, 4.96039603960396, 14, 20.2, 0, 0.38613861386138615, 0.0, 0, 1, 0, 0.34120357036590576, 1.1037528519334252, 0.9375011846423149, 23, 12, 12, 0, 4, 0, 16, 0, 4, 0, 0, 8, 3, 23, 0, 1, 12, 2, 3, 0, 1, 0, 0, 0, 1, 1, 0, 0, 5, 4, 2, 0, 0, 0, 0, 1, 0, 6, 0]
label: 0.5333333333, vector: [0, 0, 0, 0, 0, 0, 0, 169, 419, 51, 5.023866348448688, 13, 32.23076923076923, 0, 0.4033412887828162, 0.0, 0, 2, 0, 0.5215680599212646, 1.0072554794769748, 1.0064979285367512, 65, 31, 51, 0, 7, 2, 65, 0, 11, 9, 0, 17, 3, 65, 0, 3, 43, 8, 2, 0, 9, 3, 1, 3, 2, 3, 3, 0, 7, 16, 3, 0, 9, 2, 0, 0, 0, 19, 0]
label: 0.3333333333, vector: [0, 0, 0, 0, 1, 0, 5, 352, 866, 57, 4.481524249422633, 15, 36.083333333333336, 0, 0.4064665127020785, 0.005773672055427252, 0, 2, 0, 0.43352311849594116, 1.0039276638359163, 0.8140064561739564, 114, 51, 119, 3, 17, 3, 144, 0, 47, 25, 2, 49, 7, 113, 9, 5, 93, 11, 10, 0, 7, 1, 14, 7, 2, 22, 7, 0, 26, 10, 3, 0, 14, 8, 0, 7, 4, 54, 1]
label: 0.19999999997999998, vector: [0, 0, 0, 0, 0, 0, 0, 32, 81, 35, 5.172839506172839, 14, 40.5, 0, 0.3950617283950617, 0.0, 0, 1, 0, 0.38037818670272827, 1.0474170934549751, 1.028059576638043, 7, 4, 8, 1, 2, 0, 10, 0, 2, 3, 1, 4, 2, 7, 1, 1, 5, 0, 2, 0, 0, 0, 2, 1, 1, 1, 1, 0, 1, 2, 0, 0, 1, 0, 0, 0, 0, 3, 0]
label: 0.13333333332, vector: [0, 0, 0, 0, 0, 0, 1, 148, 372, 52, 5.021505376344086, 14, 37.2, 0, 0.3978494623655914, 0.002688172043010753, 0, 1, 0, 0.629336804151535, 1.0931433223355975, 1.0038569321157411, 65, 31, 42, 4, 9, 3, 55, 0, 8, 12, 1, 16, 2, 65, 0, 3, 36, 7, 0, 0, 7, 2, 7, 6, 2, 5, 4, 0, 10, 19, 0, 0, 9, 4, 0, 5, 0, 23, 0]
label: 0.66666666666, vector: [0, 0, 1, 0, 0, 0, 0, 45, 148, 50, 4.9391891891891895, 16, 9.866666666666667, 0, 0.30405405405405406, 0.0, 0, 1, 0, 0.7208072543144226, 1.0340329202425589, 0.977678166422993, 66, 47, 17, 1, 5, 0, 13, 0, 2, 3, 1, 4, 1, 65, 0, 1, 11, 5, 3, 0, 2, 0, 0, 2, 1, 1, 3, 0, 1, 36, 2, 0, 6, 3, 0, 0, 1, 4, 0]
label: 0.06666666666, vector: [0, 0, 0, 1, 0, 1, 8, 213, 492, 51, 4.388211382113822, 14, 41.0, 0, 0.4329268292682927, 0.016260162601626018, 0, 1, 2, 0.8231723606586456, 1.11957736168169, 1.0765955867245793, 51, 19, 57, 0, 7, 8, 72, 0, 40, 11, 0, 16, 2, 51, 17, 1, 57, 3, 4, 0, 7, 0, 1, 8, 4, 5, 9, 0, 24, 6, 1, 2, 3, 1, 0, 1, 0, 24, 1]
label: 0.39999999995999996, vector: [0, 0, 0, 1, 0, 1, 3, 112, 321, 53, 4.669781931464175, 14, 26.75, 0, 0.34890965732087226, 0.009345794392523364, 0, 1, 0, 0.6157293021678925, 1.1045376779692904, 0.9801534477931758, 59, 29, 34, 3, 9, 1, 50, 0, 13, 8, 2, 14, 6, 58, 3, 2, 33, 3, 4, 0, 2, 3, 4, 2, 1, 9, 3, 0, 5, 15, 0, 0, 8, 2, 0, 3, 1, 18, 0]
label: 0.7999999999599999, vector: [0, 1, 1, 3, 0, 0, 8, 306, 602, 50, 4.2574750830564785, 15, 23.153846153846153, 0, 0.5083056478405316, 0.013289036544850499, 0, 1, 0, 0.828829437494278, 0.9332460262284744, 0.8621604691904324, 12, 2, 62, 1, 1, 8, 82, 0, 72, 21, 0, 18, 0, 11, 27, 4, 44, 0, 1, 0, 7, 1, 2, 0, 4, 6, 2, 0, 23, 1, 0, 0, 3, 2, 0, 2, 0, 23, 1]
label: 0.73333333332, vector: [0, 0, 1, 2, 0, 0, 5, 97, 291, 48, 4.573883161512027, 15, 7.097560975609756, 0, 0.3333333333333333, 0.01718213058419244, 0, 1, 0, 0.7491445541381836, 1.024097556395907, 0.9694240505795744, 23, 5, 24, 0, 2, 2, 67, 0, 22, 5, 0, 14, 1, 23, 2, 1, 26, 0, 0, 0, 6, 3, 6, 0, 0, 11, 7, 0, 12, 1, 3, 0, 1, 1, 0, 4, 2, 14, 1]
label: 0.39999999997999997, vector: [0, 0, 0, 0, 0, 0, 2, 248, 566, 50, 4.710247349823321, 14, 43.53846153846154, 0, 0.4381625441696113, 0.0035335689045936395, 0, 2, 1, 0.7409177124500275, 1.0578904462245031, 1.0033939632479674, 81, 34, 70, 2, 8, 3, 89, 0, 16, 10, 0, 29, 4, 81, 6, 5, 63, 9, 5, 0, 8, 2, 0, 9, 2, 6, 8, 0, 17, 13, 2, 1, 2, 0, 0, 4, 0, 31, 0]
label: 0.06666666666, vector: [0, 0, 0, 0, 0, 0, 2, 39, 88, 35, 4.625, 12, 44.0, 0, 0.4431818181818182, 0.022727272727272728, 0, 1, 1, 0.7478137314319611, 1.0665381585395979, 1.0678821988403797, 5, 0, 12, 0, 1, 0, 11, 0, 3, 0, 0, 2, 0, 5, 0, 1, 9, 1, 0, 0, 2, 2, 2, 1, 1, 2, 1, 0, 4, 0, 0, 1, 2, 0, 0, 1, 0, 2, 0]
label: 0.46666666664, vector: [1, 0, 1, 0, 0, 0, 3, 230, 664, 56, 4.890060240963855, 13, 36.888888888888886, 1, 0.3463855421686747, 0.004518072289156626, 1, 4, 0, 0.9302406534552574, 1.0162422419553652, 1.0229133757594455, 80, 31, 95, 5, 21, 0, 118, 0, 10, 20, 0, 27, 4, 80, 1, 1, 50, 7, 8, 0, 14, 4, 4, 2, 3, 23, 9, 0, 27, 16, 4, 0, 18, 12, 0, 3, 4, 29, 0]
label: 0.46666666664, vector: [0, 0, 0, 0, 0, 0, 0, 37, 81, 33, 5.320987654320987, 17, 40.5, 0, 0.4567901234567901, 0.0, 0, 1, 0, 0.7964201122522354, 1.0514390483681102, 0.965562560595572, 6, 1, 13, 1, 1, 0, 17, 0, 0, 3, 0, 6, 1, 6, 0, 0, 13, 2, 0, 0, 0, 1, 1, 0, 1, 3, 1, 0, 1, 0, 0, 0, 1, 1, 0, 0, 0, 7, 0]
label: 0.66666666664, vector: [0, 0, 1, 1, 3, 0, 39, 645, 1471, 56, 4.418762746431, 15, 40.861111111111114, 0, 0.43847722637661457, 0.026512576478585997, 0, 9, 1, 0.7372884750366211, 0.8702973779242278, 0.776655114773247, 93, 38, 165, 3, 10, 9, 215, 0, 87, 53, 0, 66, 2, 92, 28, 5, 131, 9, 5, 0, 20, 2, 13, 4, 10, 15, 8, 0, 69, 14, 3, 1, 16, 9, 0, 4, 1, 59, 1]
label: 0.86666666664, vector: [1, 0, 0, 0, 0, 0, 4, 359, 856, 56, 4.712616822429907, 14, 50.35294117647059, 0, 0.41939252336448596, 0.004672897196261682, 1, 3, 0, 0.6844776570796967, 0.9092586903613078, 0.8335418078829261, 75, 29, 104, 4, 20, 3, 101, 0, 38, 24, 2, 38, 7, 75, 8, 16, 82, 6, 8, 0, 4, 10, 8, 7, 4, 9, 5, 0, 37, 6, 2, 0, 21, 9, 0, 5, 0, 36, 0]
label: 0.53333333332, vector: [0, 0, 0, 1, 3, 0, 3, 95, 455, 57, 4.670329670329671, 20, 11.097560975609756, 0, 0.2087912087912088, 0.006593406593406593, 0, 1, 0, 0.38995885848999023, 1.0313260140416858, 0.9034486194936241, 204, 137, 46, 3, 22, 1, 30, 0, 24, 8, 2, 3, 0, 203, 8, 2, 31, 24, 13, 0, 4, 1, 3, 4, 0, 4, 3, 0, 7, 100, 0, 0, 5, 2, 0, 5, 0, 14, 0]
label: 0.26666666664, vector: [0, 0, 0, 0, 0, 0, 0, 470, 1111, 57, 4.942394239423942, 16, 52.904761904761905, 0, 0.42304230423042305, 0.0, 0, 5, 0, 0.41753607988357544, 1.010078979763587, 0.9753437495258238, 83, 16, 159, 5, 26, 4, 165, 0, 13, 31, 0, 55, 7, 83, 2, 3, 110, 9, 3, 0, 20, 7, 20, 4, 6, 17, 4, 0, 34, 3, 2, 0, 52, 16, 0, 8, 4, 48, 1]
label: 0.39999999995999996, vector: [0, 0, 1, 0, 0, 0, 2, 133, 289, 48, 4.301038062283737, 12, 28.9, 0, 0.4602076124567474, 0.006920415224913495, 0, 2, 0, 0.8561794757843018, 1.0560630964283237, 0.9610129471868276, 27, 11, 25, 0, 1, 3, 39, 0, 20, 5, 0, 13, 1, 27, 3, 2, 29, 0, 1, 0, 1, 0, 1, 6, 3, 1, 5, 0, 13, 3, 0, 0, 3, 1, 0, 1, 0, 12, 0]
label: 0.06666666666, vector: [0, 0, 0, 2, 0, 0, 6, 510, 1331, 61, 4.75206611570248, 15, 30.953488372093023, 0, 0.38317054845980464, 0.004507888805409466, 0, 5, 2, 0.6943719387054443, 0.9612243638334472, 0.9834264596243292, 272, 131, 182, 6, 49, 3, 185, 0, 40, 19, 5, 63, 20, 271, 3, 6, 121, 23, 27, 0, 11, 4, 7, 21, 4, 22, 16, 0, 27, 54, 10, 2, 36, 18, 0, 8, 2, 56, 1]
label: 0.33333333332, vector: [0, 0, 0, 0, 0, 0, 0, 181, 468, 51, 4.767094017094017, 13, 16.137931034482758, 0, 0.38675213675213677, 0.0, 0, 2, 0, 0.615502119064331, 1.0394404131483577, 1.0050668794288429, 58, 25, 64, 3, 11, 1, 81, 0, 10, 16, 2, 19, 4, 58, 0, 1, 45, 4, 2, 0, 9, 2, 3, 5, 4, 7, 8, 0, 8, 11, 3, 0, 15, 9, 0, 3, 1, 27, 1]
label: 0.06666666666, vector: [0, 0, 1, 0, 0, 0, 0, 86, 217, 44, 5.2626728110599075, 13, 14.466666666666667, 0, 0.39631336405529954, 0.0, 0, 1, 0, 0.5893487632274628, 0.8156543123419933, 0.8167271902163823, 38, 23, 27, 2, 5, 0, 22, 0, 3, 2, 0, 7, 0, 38, 0, 2, 13, 1, 1, 0, 3, 0, 2, 3, 0, 1, 4, 0, 5, 17, 0, 0, 9, 2, 0, 0, 0, 6, 0]
label: 0.53333333332, vector: [0, 0, 0, 0, 1, 0, 3, 161, 625, 54, 4.656, 14, 7.621951219512195, 0, 0.2576, 0.0048, 0, 1, 0, 0.40790504217147827, 1.0207459341499954, 0.9443559504608147, 173, 91, 101, 0, 39, 0, 77, 0, 19, 4, 0, 26, 4, 173, 6, 0, 36, 46, 30, 0, 7, 3, 16, 0, 0, 6, 5, 0, 10, 36, 0, 0, 5, 2, 0, 7, 0, 13, 0]
label: 0.13333333332, vector: [0, 0, 0, 1, 0, 0, 9, 435, 1087, 55, 5.078196872125115, 17, 49.40909090909091, 0, 0.40018399264029436, 0.00827966881324747, 0, 2, 1, 0.5830422043800354, 1.0870526707656087, 0.9745630881198767, 152, 62, 137, 9, 26, 3, 151, 0, 30, 27, 6, 37, 9, 152, 7, 7, 118, 18, 20, 0, 9, 8, 15, 11, 4, 28, 16, 0, 31, 17, 4, 1, 28, 12, 0, 4, 1, 45, 1]
label: 0.19999999997999998, vector: [0, 0, 0, 0, 3, 0, 1, 136, 337, 51, 4.468842729970326, 13, 28.083333333333332, 0, 0.4035608308605341, 0.002967359050445104, 0, 1, 0, 0.7616869211196899, 0.9536359626047547, 0.9610114217502996, 47, 20, 35, 4, 3, 3, 56, 0, 12, 9, 2, 8, 0, 47, 1, 1, 37, 5, 1, 0, 4, 2, 1, 6, 2, 10, 7, 0, 12, 9, 2, 0, 11, 4, 0, 1, 0, 23, 0]
label: 0.33333333332, vector: [0, 0, 1, 15, 7, 0, 46, 1070, 2564, 62, 4.331513260530421, 14, 38.84848484848485, 0, 0.4173166926677067, 0.01794071762870515, 0, 2, 0, 0.8711159825325012, 0.9699897980458376, 0.8341279395778353, 349, 169, 309, 15, 48, 32, 266, 0, 235, 64, 5, 75, 6, 348, 39, 20, 210, 36, 26, 0, 15, 4, 4, 36, 3, 23, 17, 0, 111, 100, 3, 0, 36, 14, 0, 10, 3, 97, 1]
label: 0.79999999998, vector: [0, 0, 0, 1, 0, 0, 0, 32, 70, 35, 4.385714285714286, 12, 23.333333333333332, 0, 0.45714285714285713, 0.0, 0, 1, 1, 0.7121261060237885, 0.9742293524193681, 0.9308794463674227, 12, 5, 7, 2, 1, 1, 10, 0, 1, 3, 2, 2, 1, 12, 0, 1, 8, 0, 0, 0, 1, 0, 0, 0, 1, 1, 0, 0, 5, 1, 0, 1, 2, 1, 0, 1, 0, 4, 0]
label: 0.06666666666, vector: [0, 0, 0, 0, 0, 0, 0, 34, 76, 39, 4.605263157894737, 13, 38.0, 0, 0.4473684210526316, 0.0, 0, 1, 0, 0.5992381274700165, 0.9411636790150384, 0.9977387497201562, 9, 3, 10, 0, 0, 1, 14, 0, 1, 0, 0, 6, 0, 8, 0, 1, 9, 0, 0, 0, 0, 0, 0, 1, 0, 2, 3, 0, 3, 1, 0, 0, 2, 1, 0, 1, 0, 5, 0]
label: 0.3333333333, vector: [0, 0, 0, 0, 0, 0, 1, 46, 138, 46, 4.695652173913044, 14, 15.333333333333334, 0, 0.3333333333333333, 0.007246376811594203, 0, 1, 0, 0.502435714006424, 1.0455425041752848, 0.9010031815204356, 15, 6, 18, 0, 4, 1, 19, 0, 5, 3, 0, 7, 3, 15, 0, 0, 9, 1, 2, 0, 1, 2, 3, 1, 2, 2, 1, 0, 3, 3, 0, 0, 3, 2, 0, 1, 0, 3, 0]
label: 0.86666666666, vector: [0, 0, 0, 3, 2, 0, 0, 21, 58, 40, 3.9482758620689653, 9, 5.8, 0, 0.3620689655172414, 0.0, 1, 1, 0, 1.0266902912408113, 1.0887298424107332, 1.0844108792953193, 12, 3, 3, 0, 1, 0, 6, 0, 5, 2, 0, 1, 0, 11, 0, 0, 2, 1, 0, 0, 0, 0, 0, 0, 0, 0, 1, 0, 6, 0, 1, 0, 0, 0, 0, 0, 0, 0, 0]
label: 0.06666666666, vector: [0, 0, 0, 0, 0, 0, 1, 103, 264, 49, 4.715909090909091, 17, 26.4, 0, 0.39015151515151514, 0.003787878787878788, 0, 1, 0, 0.4036937952041626, 0.9681965966228473, 0.7785279020667076, 25, 9, 31, 0, 7, 1, 46, 0, 7, 1, 0, 11, 1, 25, 2, 3, 31, 5, 3, 0, 2, 0, 3, 5, 1, 7, 3, 0, 11, 3, 0, 0, 5, 4, 0, 0, 1, 11, 0]
label: 0.13333333332, vector: [0, 0, 0, 0, 0, 0, 0, 7, 19, 27, 4.315789473684211, 9, 9.5, 0, 0.3684210526315789, 0.0, 0, 1, 0, 0.6581270396709442, 0.9688721205977919, 0.9811530988663435, 3, 1, 4, 0, 0, 0, 3, 0, 0, 0, 0, 0, 0, 3, 0, 0, 1, 0, 0, 0, 1, 0, 0, 0, 0, 1, 0, 0, 0, 0, 0, 0, 1, 1, 0, 0, 0, 0, 0]
label: 0.3333333333, vector: [0, 0, 0, 0, 0, 0, 5, 221, 535, 50, 4.751401869158879, 14, 41.15384615384615, 0, 0.4130841121495327, 0.009345794392523364, 0, 1, 1, 0.8678880333900452, 1.028101394528324, 0.9469935256414689, 83, 30, 55, 3, 8, 2, 77, 0, 28, 10, 2, 19, 3, 82, 7, 4, 50, 8, 5, 0, 5, 1, 2, 11, 1, 9, 9, 0, 22, 11, 5, 1, 12, 4, 0, 4, 1, 21, 1]
label: 0.46666666664, vector: [0, 0, 1, 38, 10, 0, 116, 5165, 12308, 63, 4.47505687357816, 14, 18.564102564102566, 0, 0.4196457588560286, 0.009424764380890478, 0, 53, 13, 0.5528621971607208, 1.1190659280706368, 1.0708609501413158, 1989, 885, 1394, 52, 157, 35, 1491, 0, 433, 257, 26, 429, 66, 1988, 113, 58, 1533, 131, 84, 0, 114, 43, 65, 46, 56, 154, 212, 0, 610, 271, 49, 13, 126, 42, 0, 45, 17, 448, 1]
label: 0.06666666666, vector: [0, 0, 0, 0, 0, 0, 8, 184, 451, 51, 4.478935698447893, 15, 28.1875, 0, 0.4079822616407982, 0.017738359201773836, 0, 2, 0, 0.332525372505188, 1.1176442567837779, 0.9833673366374569, 63, 38, 53, 0, 6, 3, 65, 0, 25, 6, 0, 17, 0, 63, 12, 2, 39, 6, 2, 0, 4, 3, 1, 1, 4, 10, 3, 0, 10, 24, 3, 0, 3, 0, 0, 2, 0, 21, 1]
label: 0.3333333333, vector: [0, 0, 0, 1, 2, 0, 3, 420, 1140, 60, 4.6421052631578945, 13, 25.90909090909091, 0, 0.3684210526315789, 0.002631578947368421, 1, 3, 0, 0.6577884554862976, 0.986593149117514, 0.9246068438091739, 311, 192, 134, 3, 28, 5, 157, 0, 44, 14, 1, 43, 9, 310, 9, 6, 121, 43, 19, 0, 12, 1, 8, 13, 9, 19, 24, 0, 22, 109, 6, 0, 20, 14, 0, 7, 1, 47, 0]
label: 0.46666666664, vector: [0, 0, 0, 0, 0, 0, 1, 170, 442, 54, 5.036199095022624, 14, 49.111111111111114, 0, 0.38461538461538464, 0.0022624434389140274, 0, 2, 0, 0.5421711504459381, 1.0800309146904588, 0.9577571006698741, 73, 37, 54, 4, 14, 2, 60, 0, 6, 7, 4, 19, 6, 73, 0, 4, 47, 4, 8, 0, 1, 0, 1, 6, 2, 7, 2, 0, 12, 10, 1, 0, 13, 5, 0, 3, 0, 27, 0]
label: 0.26666666664, vector: [0, 0, 0, 6, 2, 0, 22, 641, 1573, 59, 4.395422759059123, 15, 28.6, 0, 0.40750158931977115, 0.013986013986013986, 0, 5, 0, 0.7656643986701965, 1.118561650592117, 0.973710280915045, 200, 100, 183, 15, 26, 19, 192, 0, 148, 66, 3, 51, 2, 199, 39, 10, 115, 26, 15, 0, 27, 4, 11, 4, 6, 17, 18, 0, 69, 55, 3, 0, 19, 6, 0, 8, 0, 53, 1]
label: 0.5333333333, vector: [1, 0, 0, 1, 0, 0, 0, 3, 11, 24, 6.0, 12, 11.0, 0, 0.2727272727272727, 0.0, 0, 1, 0, 0.41643643379211426, 0.8549116057428446, 0.8645692765712738, 4, 2, 1, 0, 1, 0, 1, 0, 0, 0, 0, 1, 1, 4, 0, 1, 1, 0, 0, 0, 0, 1, 0, 0, 0, 0, 0, 0, 0, 1, 0, 0, 0, 0, 0, 0, 0, 1, 0]
label: 0.53333333332, vector: [0, 1, 0, 4, 0, 1, 3, 110, 283, 42, 4.3356890459363955, 13, 18.866666666666667, 0, 0.38869257950530034, 0.01060070671378092, 0, 2, 0, 0.5406564474105835, 0.9996819885899653, 0.9391635496169328, 19, 7, 26, 1, 3, 1, 48, 0, 16, 12, 0, 12, 2, 19, 1, 2, 37, 0, 0, 0, 2, 1, 1, 1, 0, 5, 3, 0, 18, 4, 0, 0, 7, 5, 0, 1, 0, 18, 0]
label: 0.19999999997999998, vector: [0, 0, 0, 2, 0, 0, 6, 207, 551, 50, 4.720508166969147, 14, 23.956521739130434, 0, 0.37568058076225047, 0.010889292196007259, 0, 1, 0, 0.8929078206419945, 1.012332591484849, 1.0585965757845375, 79, 30, 72, 4, 13, 3, 75, 0, 25, 13, 2, 27, 6, 78, 7, 5, 59, 6, 5, 0, 5, 4, 3, 10, 1, 8, 7, 0, 22, 11, 2, 0, 6, 1, 0, 5, 1, 33, 1]
label: 0.39999999995999996, vector: [0, 0, 0, 0, 0, 0, 0, 118, 367, 55, 5.305177111716621, 15, 33.36363636363637, 0, 0.3215258855585831, 0.0, 0, 1, 0, 0.7114616930484772, 1.0632026557587189, 0.9570967476306991, 75, 27, 38, 6, 8, 1, 61, 0, 8, 11, 2, 15, 3, 74, 0, 4, 29, 5, 3, 0, 6, 0, 3, 2, 2, 16, 5, 0, 10, 7, 5, 0, 5, 1, 0, 6, 5, 11, 0]
label: 0.59999999996, vector: [0, 0, 1, 0, 0, 0, 2, 159, 874, 59, 5.489702517162471, 14, 8.323809523809524, 0, 0.18192219679633867, 0.002288329519450801, 0, 4, 0, 0.754665270447731, 0.9649494433610993, 0.870805650275378, 430, 289, 56, 4, 22, 1, 131, 0, 11, 15, 3, 13, 4, 429, 3, 4, 41, 21, 19, 0, 3, 3, 2, 7, 3, 18, 71, 0, 7, 173, 56, 0, 8, 5, 0, 7, 11, 15, 0]
label: 0.26666666664, vector: [1, 0, 0, 0, 0, 0, 3, 479, 1112, 55, 4.711330935251799, 14, 65.41176470588235, 0, 0.4307553956834532, 0.002697841726618705, 0, 11, 0, 0.9975909681525081, 1.113444474868534, 0.996394243248848, 43, 9, 144, 1, 6, 2, 155, 0, 58, 24, 0, 49, 2, 43, 9, 3, 105, 5, 2, 0, 23, 4, 16, 2, 3, 14, 5, 0, 63, 2, 3, 0, 21, 9, 0, 3, 1, 33, 1]
label: 0.06666666666, vector: [0, 0, 0, 2, 0, 0, 0, 111, 286, 43, 4.653846153846154, 13, 16.823529411764707, 0, 0.3881118881118881, 0.0, 0, 2, 0, 0.7276803851127625, 1.1251411523989083, 1.1454685049898483, 44, 11, 26, 8, 8, 1, 43, 0, 10, 11, 0, 8, 4, 44, 0, 2, 31, 3, 2, 0, 1, 0, 2, 2, 3, 2, 6, 0, 13, 5, 2, 0, 8, 3, 0, 3, 0, 16, 1]
label: 0.5333333333, vector: [0, 0, 0, 0, 0, 0, 0, 26, 74, 30, 5.581081081081081, 14, 74.0, 0, 0.35135135135135137, 0.0, 0, 1, 1, 0.5305777788162231, 0.9343132256137717, 0.9692317638546228, 5, 1, 8, 0, 1, 0, 16, 0, 0, 1, 0, 0, 0, 5, 0, 1, 6, 1, 0, 0, 1, 0, 0, 1, 0, 4, 1, 0, 3, 0, 0, 1, 4, 1, 0, 0, 0, 4, 0]
label: 0.5333333333, vector: [0, 0, 0, 0, 0, 0, 10, 285, 620, 52, 4.575806451612904, 13, 56.36363636363637, 0, 0.4596774193548387, 0.016129032258064516, 0, 4, 1, 0.6829992532730103, 0.9554579398591511, 0.8309910595417023, 40, 11, 98, 1, 14, 2, 71, 0, 16, 15, 0, 22, 5, 40, 4, 4, 64, 9, 4, 0, 10, 0, 6, 7, 10, 6, 2, 0, 28, 2, 1, 1, 10, 3, 0, 1, 2, 29, 1]
label: 0.86666666664, vector: [0, 0, 1, 2, 1, 0, 3, 291, 664, 59, 4.228915662650603, 12, 14.755555555555556, 0, 0.4382530120481928, 0.004518072289156626, 0, 1, 1, 0.5806613266468048, 1.0998781187333784, 0.9308951938317882, 40, 8, 78, 0, 0, 8, 75, 0, 26, 6, 0, 21, 0, 39, 5, 7, 63, 4, 0, 0, 5, 1, 7, 0, 1, 5, 3, 0, 44, 3, 0, 1, 9, 4, 0, 0, 0, 28, 1]
label: 0.3333333333, vector: [0, 0, 0, 4, 0, 0, 10, 521, 1228, 54, 4.528501628664495, 14, 42.3448275862069, 0, 0.4242671009771987, 0.008143322475570033, 0, 1, 2, 0.6346818208694458, 1.1119994359642928, 1.0368683164425452, 114, 39, 161, 10, 20, 11, 196, 0, 79, 35, 4, 65, 10, 113, 17, 11, 121, 8, 10, 0, 24, 4, 7, 10, 7, 12, 15, 0, 67, 13, 1, 2, 18, 6, 0, 7, 2, 81, 0]
label: 0.46666666664, vector: [0, 0, 0, 0, 0, 0, 10, 299, 679, 54, 4.764359351988218, 14, 45.266666666666666, 0, 0.44035346097201766, 0.014727540500736377, 0, 1, 0, 0.7406030297279358, 0.9940157820277115, 0.9941188610314081, 93, 26, 90, 8, 22, 2, 92, 0, 37, 24, 3, 27, 3, 93, 7, 4, 60, 12, 6, 0, 11, 9, 3, 8, 3, 9, 6, 0, 31, 8, 3, 0, 25, 8, 0, 4, 2, 39, 0]
label: 0.06666666666, vector: [0, 0, 0, 0, 0, 0, 5, 222, 590, 51, 4.989830508474577, 14, 23.6, 0, 0.376271186440678, 0.00847457627118644, 0, 1, 0, 0.47882920503616333, 1.022092510319943, 0.9158843284100294, 68, 27, 67, 8, 9, 2, 104, 0, 15, 22, 2, 16, 2, 68, 2, 0, 53, 2, 2, 0, 11, 0, 4, 9, 6, 19, 10, 0, 21, 15, 0, 0, 16, 4, 0, 2, 0, 28, 0]
label: 0.53333333332, vector: [0, 0, 0, 1, 27, 1, 22, 408, 940, 53, 4.1797872340425535, 14, 47.0, 0, 0.4340425531914894, 0.023404255319148935, 0, 3, 0, 0.6891527771949768, 0.9937145511353523, 0.7801965702325105, 34, 7, 100, 2, 9, 7, 116, 0, 101, 15, 0, 18, 2, 34, 32, 7, 57, 3, 5, 0, 12, 2, 8, 1, 2, 12, 1, 0, 58, 0, 2, 0, 23, 7, 0, 2, 0, 28, 0]
label: 0.66666666662, vector: [0, 0, 0, 2, 0, 0, 0, 110, 336, 46, 4.744047619047619, 12, 18.666666666666668, 0, 0.3273809523809524, 0.0, 1, 6, 0, 0.8235777765512466, 0.9433699406035994, 0.8650552291009161, 49, 21, 33, 9, 5, 2, 48, 0, 7, 21, 9, 6, 0, 49, 1, 4, 35, 1, 3, 0, 4, 3, 2, 0, 2, 5, 11, 0, 9, 0, 9, 0, 7, 4, 0, 1, 0, 11, 0]
label: 0.26666666664, vector: [0, 0, 0, 0, 0, 1, 1, 34, 111, 48, 4.657657657657658, 11, 15.857142857142858, 0, 0.3063063063063063, 0.009009009009009009, 1, 1, 0, 0.6502187848091125, 1.0325681837991256, 0.9773068867091622, 31, 17, 11, 0, 5, 1, 13, 0, 3, 2, 0, 5, 3, 30, 0, 1, 7, 2, 4, 0, 0, 0, 0, 3, 1, 2, 2, 0, 3, 6, 0, 0, 3, 1, 0, 1, 0, 5, 0]
label: 0.2, vector: [0, 0, 0, 1, 1, 0, 6, 237, 609, 54, 4.487684729064039, 16, 32.05263157894737, 0, 0.3891625615763547, 0.009852216748768473, 0, 1, 0, 0.3417595624923706, 0.9408831148637998, 0.838357564257948, 111, 49, 76, 8, 17, 1, 81, 0, 28, 18, 7, 25, 8, 111, 8, 2, 60, 10, 11, 0, 3, 1, 5, 11, 1, 11, 14, 0, 32, 9, 2, 0, 12, 5, 0, 4, 1, 23, 1]
label: 0.39999999997999997, vector: [0, 0, 1, 1, 0, 0, 1, 212, 488, 54, 5.040983606557377, 14, 25.68421052631579, 0, 0.4344262295081967, 0.0020491803278688526, 0, 2, 0, 0.6287201344966888, 0.9473417362654986, 0.931120906711409, 52, 17, 62, 1, 11, 0, 86, 0, 6, 16, 1, 24, 5, 52, 1, 1, 58, 4, 2, 0, 5, 0, 5, 4, 4, 12, 4, 0, 14, 8, 0, 0, 21, 6, 0, 3, 0, 38, 0]
label: 0.39999999997999997, vector: [0, 0, 0, 1, 0, 0, 5, 580, 1315, 59, 4.90190114068441, 16, 36.52777777777778, 0, 0.44106463878326996, 0.0038022813688212928, 0, 4, 0, 0.8136185705661774, 0.9663050821148625, 0.90180645396726, 166, 74, 155, 8, 19, 3, 188, 0, 31, 47, 4, 48, 5, 166, 10, 5, 154, 17, 12, 0, 12, 2, 13, 8, 18, 31, 7, 0, 41, 35, 6, 0, 46, 21, 0, 7, 0, 61, 1]
label: 0.66666666664, vector: [0, 0, 0, 3, 1, 0, 36, 724, 1793, 56, 4.37479085331846, 15, 39.84444444444444, 0, 0.403792526491913, 0.020078081427774678, 0, 9, 1, 0.6774591505527496, 1.038137783807525, 0.9881947578655349, 133, 47, 215, 14, 34, 23, 304, 0, 148, 54, 9, 73, 9, 133, 38, 7, 169, 15, 13, 0, 31, 4, 17, 5, 12, 56, 14, 0, 78, 16, 2, 1, 24, 5, 0, 11, 1, 77, 1]
label: 0.26666666666, vector: [0, 0, 0, 0, 1, 0, 3, 587, 1496, 61, 4.709893048128342, 16, 21.681159420289855, 0, 0.39237967914438504, 0.002005347593582888, 0, 2, 0, 0.8802892118692398, 0.9480811590202222, 0.923798690509537, 304, 133, 178, 5, 42, 11, 211, 0, 37, 17, 4, 62, 12, 304, 4, 3, 191, 29, 24, 0, 17, 6, 6, 39, 6, 36, 22, 0, 45, 35, 8, 0, 33, 12, 0, 8, 3, 86, 1]
label: 0.86666666664, vector: [0, 0, 0, 14, 5, 0, 26, 587, 1384, 53, 4.4031791907514455, 14, 36.421052631578945, 0, 0.4241329479768786, 0.01878612716763006, 0, 5, 1, 0.9496397078037262, 1.0554312857173687, 0.9959767659395431, 76, 25, 151, 4, 8, 11, 166, 0, 113, 36, 3, 37, 3, 76, 27, 16, 131, 2, 4, 0, 22, 1, 13, 15, 8, 13, 10, 0, 52, 2, 1, 1, 25, 9, 0, 2, 0, 64, 1]
label: 0.39999999995999996, vector: [0, 0, 0, 0, 0, 1, 1, 390, 852, 56, 4.67018779342723, 14, 17.75, 0, 0.45774647887323944, 0.0011737089201877935, 0, 3, 2, 0.8568796515464783, 0.8894845863823442, 0.8477469451415042, 105, 37, 113, 4, 14, 5, 119, 0, 21, 21, 1, 40, 6, 105, 6, 2, 128, 10, 4, 0, 8, 1, 5, 11, 8, 4, 8, 0, 36, 11, 4, 2, 14, 8, 0, 4, 1, 56, 1]
label: 0.26666666666, vector: [0, 0, 1, 0, 0, 0, 1, 144, 322, 51, 4.524844720496894, 12, 35.77777777777778, 0, 0.4472049689440994, 0.003105590062111801, 0, 1, 0, 0.8198522627353668, 1.0966394958121803, 1.0214649997134175, 48, 17, 40, 4, 6, 4, 31, 0, 11, 7, 2, 9, 2, 48, 4, 1, 29, 5, 2, 0, 3, 1, 7, 3, 1, 3, 1, 0, 14, 8, 0, 0, 3, 2, 0, 3, 1, 9, 1]
label: 0.26666666666, vector: [0, 0, 1, 0, 0, 0, 1, 28, 83, 35, 4.975903614457831, 12, 10.375, 0, 0.3373493975903614, 0.012048192771084338, 0, 3, 0, 0.5637179613113403, 1.0412274172302292, 1.0203329128125915, 7, 3, 13, 0, 1, 0, 18, 0, 1, 0, 0, 5, 0, 7, 1, 0, 10, 0, 0, 0, 1, 1, 0, 0, 1, 6, 0, 0, 3, 2, 0, 0, 1, 1, 0, 0, 0, 5, 0]
label: 0.33333333332, vector: [0, 0, 1, 0, 2, 0, 2, 88, 221, 52, 4.398190045248869, 15, 20.09090909090909, 0, 0.39819004524886875, 0.00904977375565611, 0, 1, 0, 0.35608166456222534, 1.0114342027553829, 1.0194411103783005, 30, 13, 31, 3, 4, 0, 49, 0, 5, 4, 0, 13, 0, 29, 2, 0, 31, 3, 2, 0, 2, 0, 1, 0, 0, 9, 4, 0, 8, 7, 3, 0, 2, 1, 0, 0, 1, 23, 0]
label: 0.59999999998, vector: [0, 0, 0, 0, 0, 0, 6, 269, 642, 47, 4.554517133956386, 14, 58.36363636363637, 0, 0.4190031152647975, 0.009345794392523364, 0, 1, 0, 0.8974601328372955, 0.9239572969540363, 0.8260673000053926, 43, 3, 83, 8, 7, 4, 112, 0, 25, 22, 0, 32, 5, 43, 4, 1, 65, 9, 1, 0, 20, 1, 11, 0, 3, 14, 6, 0, 22, 0, 0, 0, 11, 2, 0, 1, 1, 31, 1]
label: 0.66666666662, vector: [0, 0, 0, 1, 0, 0, 3, 87, 237, 46, 4.556962025316456, 15, 7.9, 1, 0.3670886075949367, 0.012658227848101266, 1, 1, 0, 0.7967212796211243, 0.9956977306354035, 0.9681682723263899, 40, 17, 20, 3, 5, 0, 36, 0, 10, 7, 3, 10, 2, 40, 3, 3, 20, 1, 5, 0, 1, 1, 1, 5, 0, 5, 7, 0, 13, 4, 1, 0, 4, 1, 0, 2, 0, 5, 1]
label: 0.39999999995999996, vector: [0, 0, 0, 0, 0, 0, 8, 107, 277, 49, 4.386281588447654, 12, 21.307692307692307, 0, 0.3862815884476534, 0.02888086642599278, 0, 1, 0, 0.6717365980148315, 0.8979070544603457, 0.9153120755576171, 53, 25, 34, 6, 9, 0, 44, 0, 16, 11, 5, 16, 7, 53, 5, 6, 29, 4, 8, 0, 1, 1, 1, 2, 0, 6, 3, 0, 10, 7, 1, 0, 9, 3, 0, 3, 2, 19, 0]
label: 0.06666666666, vector: [0, 0, 0, 0, 0, 0, 2, 230, 557, 50, 4.877917414721724, 14, 32.76470588235294, 0, 0.4129263913824057, 0.003590664272890485, 0, 2, 1, 0.7417631149291992, 1.0086255951352596, 0.95631157113787, 83, 29, 65, 5, 14, 1, 80, 0, 12, 9, 1, 22, 5, 83, 4, 2, 62, 12, 5, 0, 4, 1, 6, 6, 4, 12, 7, 0, 18, 11, 2, 1, 12, 3, 0, 0, 1, 27, 1]
label: 0.7333333333, vector: [1, 0, 1, 0, 0, 0, 3, 189, 437, 51, 4.7162471395881, 14, 19.863636363636363, 0, 0.43249427917620137, 0.006864988558352402, 0, 4, 0, 0.6416699290275574, 0.9827381334477611, 0.8495582630011168, 26, 11, 55, 2, 3, 0, 79, 0, 13, 14, 0, 22, 1, 26, 3, 1, 43, 4, 2, 0, 7, 0, 5, 2, 0, 14, 4, 0, 19, 3, 2, 0, 12, 3, 0, 1, 0, 20, 1]
label: 0.0, vector: [0, 0, 1, 0, 0, 0, 10, 707, 1982, 62, 4.589303733602422, 15, 19.82, 0, 0.3567103935418769, 0.005045408678102927, 0, 6, 1, 0.5724567472934723, 1.0194889448193876, 0.9366509032715112, 374, 180, 231, 17, 51, 8, 316, 0, 53, 45, 13, 93, 23, 373, 5, 5, 163, 32, 33, 0, 18, 10, 16, 25, 7, 56, 31, 0, 64, 74, 17, 1, 43, 17, 0, 26, 6, 72, 1]
label: 0.39999999995999996, vector: [0, 0, 0, 105, 1, 0, 157, 2071, 5019, 61, 3.973899183104204, 17, 47.8, 0, 0.41263199840605697, 0.03128113169954174, 0, 13, 0, 0.7515644580125809, 1.1053955004472915, 0.9842213308444202, 239, 67, 573, 15, 24, 53, 599, 0, 720, 138, 2, 138, 3, 239, 233, 66, 424, 14, 11, 0, 68, 6, 14, 10, 24, 48, 44, 0, 287, 19, 7, 0, 56, 22, 0, 15, 1, 200, 1]
label: 0.13333333332, vector: [0, 0, 0, 0, 0, 0, 6, 155, 357, 52, 4.3165266106442575, 13, 39.666666666666664, 0, 0.4341736694677871, 0.01680672268907563, 0, 2, 1, 0.8012800365686417, 1.0375760919602168, 1.0101485542125173, 48, 18, 45, 5, 9, 0, 52, 0, 11, 11, 2, 19, 2, 48, 1, 1, 51, 1, 4, 0, 3, 0, 1, 4, 0, 3, 4, 0, 23, 6, 1, 1, 4, 0, 0, 1, 0, 20, 0]
label: 0.26666666664, vector: [0, 0, 0, 0, 0, 0, 3, 47, 111, 33, 4.441441441441442, 12, 37.0, 0, 0.42342342342342343, 0.02702702702702703, 0, 3, 1, 0.7846979051828384, 1.001594517317072, 0.9585709180682898, 11, 3, 16, 1, 2, 0, 13, 0, 8, 2, 1, 2, 1, 11, 2, 0, 6, 0, 1, 0, 3, 0, 0, 0, 1, 2, 1, 0, 6, 0, 2, 1, 2, 2, 0, 1, 1, 0, 0]
label: 0.13333333332, vector: [0, 0, 0, 0, 0, 0, 0, 88, 275, 49, 5.247272727272727, 14, 11.458333333333334, 0, 0.32, 0.0, 0, 1, 0, 0.71291583776474, 1.0819881528971547, 1.060619884248202, 38, 22, 31, 1, 6, 0, 42, 0, 4, 1, 1, 10, 1, 38, 0, 0, 34, 2, 2, 0, 2, 0, 5, 3, 0, 5, 4, 0, 5, 14, 1, 0, 11, 4, 0, 1, 1, 16, 0]
label: 0.13333333332, vector: [0, 0, 0, 0, 0, 0, 5, 209, 508, 51, 4.446850393700787, 11, 36.285714285714285, 0, 0.41141732283464566, 0.00984251968503937, 0, 1, 0, 0.6989044845104218, 1.0264171683018932, 0.9723674848210067, 60, 14, 54, 0, 11, 2, 65, 0, 28, 7, 0, 22, 7, 59, 6, 3, 60, 6, 2, 0, 3, 0, 0, 21, 1, 11, 6, 0, 19, 0, 0, 0, 5, 2, 0, 1, 1, 22, 0]
label: 0.46666666661999995, vector: [0, 0, 0, 4, 0, 0, 13, 432, 991, 53, 4.472250252270434, 14, 27.52777777777778, 0, 0.43592330978809285, 0.013118062563067608, 0, 2, 2, 0.9965418251231313, 1.0217579988922048, 1.0270568966774993, 98, 27, 119, 1, 19, 6, 140, 0, 63, 15, 1, 33, 6, 98, 9, 5, 92, 11, 6, 0, 7, 1, 3, 22, 4, 11, 14, 0, 55, 6, 1, 2, 22, 5, 0, 3, 1, 48, 1]
label: 0.93333333332, vector: [0, 0, 0, 2, 0, 0, 12, 258, 562, 44, 4.4911032028469755, 12, 40.142857142857146, 0, 0.45907473309608543, 0.021352313167259787, 0, 2, 2, 0.917658157646656, 0.9876735246040858, 0.8506854046136141, 23, 5, 81, 0, 4, 6, 92, 0, 29, 6, 0, 28, 0, 23, 11, 3, 46, 2, 1, 0, 13, 2, 6, 0, 0, 10, 7, 0, 22, 1, 0, 2, 3, 1, 0, 1, 0, 27, 0]
label: 0.73333333332, vector: [0, 0, 0, 0, 0, 0, 7, 316, 779, 54, 4.589216944801027, 18, 37.095238095238095, 0, 0.4056482670089859, 0.008985879332477536, 0, 5, 1, 0.8241586536169052, 1.0712922717811708, 0.9810340321689311, 142, 59, 97, 4, 21, 6, 101, 0, 54, 23, 2, 37, 11, 141, 13, 9, 72, 17, 11, 0, 8, 4, 8, 7, 3, 12, 7, 0, 32, 13, 4, 1, 15, 5, 0, 9, 0, 28, 0]
